{
 "cells": [
  {
   "cell_type": "markdown",
   "metadata": {},
   "source": [
    "# Ellipsoidal nested rejection sampling\n",
    "\n",
    "This example demonstrates how to use ellipsoidal nested rejection sampling [1] to sample from the posterior distribution for a logistic model fitted to model-simulated data. For a tutorial on nested sampling, see: [INSERT LINK to NESTED SAMPLING TUTORIAL NOTEBOOK].\n",
    "\n",
    "[1] \"A nested sampling algorithm for cosmological model selection\", Pia Mukherjee, David Parkinson and Andrew R. Liddle, [arXiv:astro-ph/0508461v2](https://arxiv.org/abs/astro-ph/0508461)."
   ]
  },
  {
   "cell_type": "markdown",
   "metadata": {},
   "source": [
    "First create fake data."
   ]
  },
  {
   "cell_type": "code",
   "execution_count": 1,
   "metadata": {},
   "outputs": [
    {
     "data": {
      "image/png": "iVBORw0KGgoAAAANSUhEUgAAAYgAAAEKCAYAAAAIO8L1AAAABHNCSVQICAgIfAhkiAAAAAlwSFlz\nAAALEgAACxIB0t1+/AAAADl0RVh0U29mdHdhcmUAbWF0cGxvdGxpYiB2ZXJzaW9uIDIuMS4wLCBo\ndHRwOi8vbWF0cGxvdGxpYi5vcmcvpW3flQAAIABJREFUeJzt3Xd4FVX6wPHve9NJQgtEgQABBCSE\nUKR3EUEREBQEFQURsSyKursW9ueqq7u6rqvYFxQBFQGVLqAIgvQWwFBCryF0Qkgn5fz+mAECXiBA\nbibl/TxPnnvn3HNn3rkD973nnJkzYoxBKaWUupjL6QCUUkoVTpoglFJKuaUJQimllFuaIJRSSrml\nCUIppZRbmiCUUkq5pQlCKaWUW5oglFJKuaUJQimllFveTgdwPSpUqGDCw8OdDkMppYqU6Ojo48aY\nileqV6QTRHh4OGvXrnU6DKWUKlJEZF9e6mkXk1JKKbc0QSillHJLE4RSSim3ivQYhDuZmZnExcWR\nnp7udChFlr+/P2FhYfj4+DgdilLKQcUuQcTFxREcHEx4eDgi4nQ4RY4xhhMnThAXF0eNGjWcDkcp\n5aBi18WUnp5OSEiIJodrJCKEhIRoC0wpVfwSBKDJ4Trp56eUgmKaIJRSyiNiZ8GO+VBCbtWsCaKA\nDBkyhC1btuT7eoOCgvJ9nUpds33L4au7IfFg/q5353zYPD1/13m19i6FyQNgwr3waStYPwGyzlzb\nun6fBKM7QlpCvoaY3zyaIERkr4hsFJENIrLWLisvIr+IyA77sZxdLiLyoYjsFJEYEWniydgK2hdf\nfEFERITTYSjlOTsXwNf3wO5FsGlK3t5jDEx/Cua/BhlJ7uvkZMOMYfD9QNg0Nb+ihT2LYWQUfNgY\nvrwTpg6Fk3vc1z2TYsVQLhx6fgzighlPwfQnrn67yUdhzgsQvx4Wv3vpesd3wkdNrWTikIJoQdxq\njGlkjGlqL78ELDDG1AYW2MsAdwK17b+hwGcFEJtHpKSkcNddd9GwYUMiIyOZPHkyHTt2PDctyJgx\nY6hTpw4dO3bkscceY9iwYQAMGjSIZ555htatW1OzZk1++OEHAJKTk7ntttto0qQJDRo0YMaMGY7t\nm1Juxf4IE/tDyE1QvhbsmJe39x1YDRsmwNL37S/DyX/svtm/ApIOQWAoTHsC9q+0yo2BPUtg29yr\nj3ffcvi2H3j5QOXG1hf+1tkw+SHIdHOCxoI3IGGPlRyaPARPLoNWw6yEdWz71W37l79DZirUug1W\njYKTu93X+/1bOLEDpj1ubT8n5+r38zo5cZrr3UBH+/l4YBHwol3+lTHGACtFpKyIVDLGHLrWDb0+\nazNb4k9fZ7gXiqhcmld71L9snZ9++onKlSsze/ZsABITE/nsMyvfxcfH88Ybb7Bu3TqCg4Pp1KkT\nDRs2PPfeQ4cOsXTpUrZu3UrPnj3p06cP/v7+TJs2jdKlS3P8+HFatmxJz549dTBZ5Z9f/g5JR+Ce\nUVf/3m1z4buHrS/aAT9YX/YrPrVaBH7Bl3/vhm/AJxDun2i1IqYNhUMb4I63ztfZNAV8SsHQhTC+\nJ0y8Hzr9H6z7yqqLwKPzoGrzvMV7YDVM6AtlwmDQbAgKtcq3/wzf3gfz/gZ3/fd8/X3LYdX/oNlj\nUKOdVSYCbZ+DNWNg+Qdw9yd52/a+5fD7RGj3Z2t9H91iffb9vrmwnjGwZSZUbwPla8KSd+HkLuj1\nP/Dxz9u28oGnE4QB5omIAUYZY0YDN5z90jfGHBIR++hQBTiQ671xdtk1JwinNGjQgL/85S+8+OKL\ndO/enXbt2p17bfXq1XTo0IHy5csD0LdvX7ZvP/8LpFevXrhcLiIiIjhy5AhgXZswYsQIFi9ejMvl\n4uDBgxw5coQbb7yxYHdMFU9JR6wv9JxMaPUUVGp45fecFb8Bfhhsvefh6VZCuOl2WPYB7P4N6nUH\nICfHkJ6cQJorkLTMbNLOZJORmky9mCkcr3YHm8/cTEbLb6i/ZgRVVn/ODP9eJPqEkpWZwYDfp7K/\nTFt+XJVCYNV/89DmIQTOfp7jflVZWuXPdDj6NRlfD+E/4Z+TgQ85xpCdY8gx1nbPLlc9s4vmqYu4\nPXkWp1zleFVeJeHrneSYHeQYMCaQQQG96b3mC/4VW4FV3s3peGYRA9ImkC0VGbqtM2nbfsNg/Z80\nwNPSie7rJ/HAtls57qqAsVs/Vh3s59YTL5PNF+l/JoiKPLi6KelrYhlkevJY7ESe+ueHbHCd/+EZ\nnnOAbzN38J/Ejkw9dAcPeAlPb/6KibFZfOD9CAAv3FGXe5qEXe/RvyxPJ4g2xph4Own8IiJbL1PX\n3c/hP5wqICJDsbqgqFat2mU3fqVf+p5Sp04doqOjmTNnDi+//DJdunQ595q5wtkPfn5+f6g7YcIE\njh07RnR0ND4+PoSHh+t1Cir/rP0ScrKsX+nLP4Z7P3db7UxWDseTMziZcoYTKWdIO76fdr/1I9tV\nmtEhrxM/Yxen07JITYMvCGD+lPH8A39Sz2RRJXMfs3z/xtfZPRiZ1QeAe1yLec83hWGx9Vmzxep+\nDZNbWeQ7k1Pz3+MfWQ/T3vU7j/me4t34SBYc3Im3l4sfXa9QzXWM1ZmNkaPe/GYCeD/zTaL2fMF4\nvwdxuQQvEUTAyyVUzznAiKR/EpYdRzYuYnybMLrscJK9K+Br1wHr9O4fSz1Gw8OxPJfyIZniS+mc\nUxzwrcnXFf9MZf+KiFiNB0FAYH3mAHrumcuTfj8zPfQpez3W5yX2Ov2zk4hMXsEtib9wk9nH2LA3\naFS6CgC7zSOc2jGfl72+4aOaozBi9fp3PjqbnGNCWs07aedbgQMMYXn8afqdnEFClTvYFxhFpTIB\nnvoXcY5HE4QxJt5+PCoi04DmwJGzXUciUgk4alePA6rmensYEO9mnaOB0QBNmzYtlOeaxcfHU758\neQYMGEBQUBDjxo0791rz5s157rnnSEhIIDg4mClTptCgQYPLri8xMZHQ0FB8fHxYuHAh+/blaaZe\npf4o9aSVCM52U2RlwNoxmNpdSA6sTtDvY/ix4mPsyCjL4cQ0DiWmc+R0OkeTMjiVmnluNcGkMsn3\nDXIkmb5nXiV+Yxql/bMoHeBDsL83saVuod2Z9dxeL5RAP2/67vkc/xOZPOM9ncgO95Ia2oS2S0eS\nlladvz48CD8fL3y9Xfh6u8j4dTmP7JjJPUP/S+CSWZjtpRk14kVcvpfqWukMU3cwcNMUBg4YDjdG\nXvjyD4/CjtPQ7QO8bu5B48CQyw9wJkyGsXcREFoPWg+jao0OjLhcd+7UvnSK/ZFOj/3bGszeMgMO\n/Q7JR6wB6RM7rAQcXAk6vswjHZ4+n0UAYv5F2amP8U6t3+GWQVbZZ6uhagv+/sBt5+tlfAKfreOp\nxPfggWXgU4QThIgEAi5jTJL9vAvwD2AmMBB42348O+I6ExgmIpOAFkDi9Yw/OGnjxo389a9/xeVy\n4ePjw2effcZf/vIXAKpUqcKIESNo0aIFlStXJiIigjJlylx2fQ8++CA9evSgadOmNGrUiJtvvrkg\ndkMVVmkJ4F/2wi+Z3E7Hw8rPIPIea1zgrKwMzKj2ZLj8md9yHJtOehO6eyqDU47xSGwTdmTdyG9+\nhkPzRvJR9oNUDPKjUhl/wkMCaV6jPKHB/lQI9CXy5Fxu3vguPuknSb53AnMi7jj3K/yc6Ptg1jO8\n1dYbTA6snQ8tnsS1dTadY1+BBl/DsdXQ6f9oXjPkwvfe9gLEfkfZdZ/A9tlQrwdyyeRg6/qWdRbV\nzGEwZAG4vKzypMOwZTo0H3r+y/dKyoXD85vzVhegzXCImQz/awen46yyMtUg+EYIqQV174Cbu0Pl\nJuByc15Qg74QPQ5+edWql3EajmyELv+8sJ5fEPT8yDqN+Nc3oes//7iufCZX6vK45hWL1ASm2Yve\nwLfGmH+KSAjwHVAN2A/0NcacFGvE9WPgDiAVeMQYc9m7ATVt2tRcfMOg2NhY6tWrl787k8+Sk5MJ\nCgoiKyuL3r17M3jwYHr37u10WBcoCp9jiXQwGr7oDJH3wl3vgX/p869lJMPyD2HZh5CVhrkhkm29\nZhO9P5GYA4mE7Z7E06mfkGVc/G5q8Uj2CH7we5Mgryy+ajyZ8AqB3LZlBCEHF5I1fBO+QeUu3Pbh\nTTD7z3BgpfVl1+1dCLvFfZyJB+H9CLj9H9ag8J4l8OzvcGQzjOsOpUIg9QQ8txnKVPnj+38YfP5U\n2QFT4KbOV/5sYr6HqUOg+/vQdLBVtvAt+O3f8HS09WXtKTOftsZjIu6G+r2vfltHY+F/bSGqP1So\nDfNfheExUK76H+vOetZKKFczMH8REYnOdWbpJXmsBWGM2Q38YbTLGHMCuM1NuQH+5Kl4CpPXXnuN\n+fPnk56eTpcuXejVq5fTIamiIuY765TMTVOtL957RlunTMbOwmyZiaQeZ1doF9aeqUa/I1/wyUf/\nYVZOayoEuJjjmkJ8YH3i6w/lljXP8Xul/yJHdkG393mpqf1jIOzPMHoWvuvHQrvnrbLMNOtLdvlH\n4F/GOtWz0YPufw2fVaYKhNaHNV/Aqf3QcQQElIPwttB6mLWuWre5Tw5gneWzaYqVSGp0yNtn06CP\n9cW54B8Q0Qt8g6zxldpdPJscwPplfz1C61mnzS4baXVFVWrkPjmAlXQProWU49e3zTwodrO5FgXv\nvnuZi2OUupScHKt/u3ZXq1tjyhD4sisAZ8SfxTTm04xhrNtfh1oVAmjvv5C3Ss3gL4P+SrX4ucj0\nw9DjfSrf3A1CDfz4rNVVFdX//DYqN4Ya7WHB61Y3VaWGcGKndQ1Aowehy5tQqnze4q19u/WF518W\nWua6oKzTK1Y3WeOHLv3eG+pD2+etbhqvPE47LwLd3rG6en59A6q1gpSj0GJo3t7vtA4vWEkx8QA0\nf+zS9fxLw9DFl0/Q+UQThFJFxYFVkHSIrJt7sig5nHkVP6FiwkR2ZN3AOp9baFm3Cg/UDeWTm0Ks\nM1y2/Qsm9iNo3w+warT1i77OHda6mj5iDVb7BYNvqQu302ccbPwODsXA4Rir7/vhmVAzj7/kz6rT\n1UoQrYdZLY+zvP3ydt1A51evbntgJZbmQ63rFnYusC7cq9np6tfjBN9Aq9tw+hNWF+LlFEByAE0Q\nShUZp9Z+T5D40mGmPwfT1lKulA/dGj/Fw5GV+LhGeXy9L/rSqNMVqraAn0ZAdgbcO+bCL5aG/dxv\nKDAEWj55/QFXawUPTYPwdleum586vgSbfoBT++DOdwrsyzRf1OkCL1ziymoHaIJQqhDLyTEs2HqU\nL5fs5P34qaw1DWh0czXebBJG29oV8PG6zJefCHR+DcbeaU1/Ub+AT4QQgVoO/HoPKGsNoC95Fxre\nX/DbL0Y0QShVCGVtmMSJpWN5Ke1hFp4oyx2l93KjJFCq22A6t7iKeSyrt4bOr0OVJudP/SwJ6vey\n/tR1KUJtr6Jt7969REZGXrliAcs9iaByXs6ZNPaOewzv6Y9T4dgq3ksdwdg7A/i00X7w8qV0wx5X\nv9K2z1oDz0pdJW1BFGFZWVl4e+shLC42RK8kaM5T3JS9i8l+91Kt42BarhjKrSsGgcvHuhbA//IX\nVSqVn7QF4SHvvfcekZGRREZGMnLkSMD6Qh84cCBRUVH06dOH1NRUAF566SUiIiKIioo6d8X1sWPH\nuPfee2nWrBnNmjVj2bJlgHUNxdChQ+nSpQsPP/wwLVq0YPPm81d9duzYkejoaFJSUhg8eDDNmjWj\ncePG56YIT0tLo3///kRFRdGvXz/S0tIK8mNRbhw7Es/ikYOInHknodlHWNniE/q+OIZWrdoij8y1\nrh9IPW6d269UASrePz/nvgSHN+bvOm9sAHe+fdkq0dHRjB07llWrVmGMoUWLFnTo0IFt27YxZswY\n2rRpw+DBg/n0008ZPHgw06ZNY+vWrYgIp06dAmD48OE899xztG3blv3799O1a1diY2PPrX/p0qUE\nBATw/vvv89133/H6669z6NAh4uPjueWWWxgxYgSdOnXiyy+/5NSpUzRv3pzOnTszatQoSpUqRUxM\nDDExMTRpUqzuy1Q0rP4cfp+EcXlxNDkL/5NbaUMqGyvdy833v0XLMqHn65arDo/8ZJ2Vo33qqoBp\nC8IDli5dSu/evQkMDCQoKIh77rmHJUuWULVqVdq0aQPAgAEDWLp0KaVLl8bf358hQ4YwdepUSpWy\nzkmfP38+w4YNo1GjRvTs2ZPTp0+TlGTdcatnz54EBFgTdd133318//33AHz33Xf07dsXgHnz5vH2\n22/TqFEjOnbsSHp6Ovv372fx4sUMGDAAgKioKKKiogr0synRjLGmfpjzFzIzz7D5WCZ7TqSytdQt\nHH5gAY2eGIN/7uRwVulK0Ppp6/oBpQpQ8W5BXOGXvqdcan6ri2/wIyJ4e3uzevVqFixYwKRJk/j4\n44/59ddfycnJYcWKFecSQW6BgYHnnlepUoWQkBBiYmKYPHkyo0aNOhfDlClTqFu37hXjUAXAGJj3\nf7DiY+LC76HH3vtIy4a/davHgJbV9ZioQklbEB7Qvn17pk+fTmpqKikpKUybNo127dqxf/9+VqxY\nAcDEiRNp27YtycnJJCYm0q1bN0aOHMmGDRsA6NKlCx9//PG5dZ4td6d///688847JCYmnps6vGvX\nrnz00UfnktX69evPxTZhwgQANm3aRExMTP5/AOpChzfCpAdgxcesDe1Du633UK1iaeYOb89DrcI1\nOahCSxOEBzRp0oRBgwbRvHlzWrRowZAhQyhXrhz16tVj/PjxREVFcfLkSZ588kmSkpLo3r07UVFR\ndOjQgffffx+ADz/8kLVr1xIVFUVERAT/+9//Lrm9Pn36MGnSJO67775zZa+88gqZmZlERUURGRnJ\nK6+8AsCTTz5JcnIyUVFRvPPOOzRvfm2zQao8OLrVuj3m/9qSs2cJ3wYPps/+3jzUqgbfP96KGhUC\nr7wOpRzksem+C0JRne67KNDP8TplpsPHTSHjNCcaDOGBmMbsS/XmX70bePw2kUpdiePTfStVoq35\nAhIPsLXLN/T7xQ8fLxffP96MBmF6HYMqOjRBKJXf0k7Bknc5FtqGnrO9qVrel3GPNKdq+VJXfq9S\nhUixTBDGGB34uw5FuduxUFj2AaQlMCjxLqKqluGLgU0pW8rX6aiUumrFbpDa39+fEydO6JfcNTLG\ncOLECfz9r3APYOXe6XiyVnzK9Ow2BIc34atHm2tyUEVWsWtBhIWFERcXx7Fjx5wOpcjy9/cnLEwH\nUq/FnimvUDkri4WVhzJ2UHMCfEvQDKqq2Cl2CcLHx4caNWo4HYYqgX6N2UvLvbNYFnQ7bz/aQ5OD\nKvKKXReTUk6I3neS6d+PpZRk0OruxzU5qGJBE4RS12nHkSQGj1tLb7815ARUIKBWAd9iUykP0QSh\n1HU4npzBoLFrCPbKpIOsxxXRA7yKXc+tKqE0QSh1jc5k5fDUN+s4npzBhA5JuDJTdUpuVaxoglDq\nGv3jx82s3nuSd/pEUf3IPCgVAtXbOh2WUvlGE4RS12DCqn18s3I/j3eoyd31y8O2n6Cedi+p4kUT\nhFJXaWNcIq/N3EyHOhV5oevNsHM+ZKboLUFVsaMJQqmrkJyRxdMT11EhyI+R/Rrh5RLYPB0CykO4\nnr2kihdNEEpdTvpp625wtlemb2L/yVQ+6N+YcoG+sGshbJ4Gkfdo95IqdjyeIETES0TWi8iP9nIN\nEVklIjtEZLKI+NrlfvbyTvv1cE/HptRlJR2Gd+vAuO5wfCdTouOYtv4gz3auQ/Ma5eH4Tvh+IFSo\nA7e96nS0SuW7gmhBDAdicy3/G3jfGFMbSAAetcsfBRKMMTcB79v1lHLO3qWQlQYH12I+a03cjH/Q\ntbrwp461IC0Bvr0PXN7wwCTwL+10tErlO48mCBEJA+4CvrCXBegE/GBXGQ+cHdm7217Gfv020Tm7\nlZP2rwSfQHKGRbPKpxnDXZMZdeR+vP4TDp+2glP7od8EKBfudKRKeYSnO01HAi8AwfZyCHDKGJNl\nL8cBVeznVYADAMaYLBFJtOsf93CMSrl3YCVUbcbXW7J49dRTjLn1cW4rEw/Ht8OpfdBkIFRv5XSU\nSnmMxxKEiHQHjhpjokWk49liN1VNHl7Lvd6hwFCAatWq5UOkSrmRnghHNnOq2XO8PXcrHepUpFOX\nZqCNWlWCeLKLqQ3QU0T2ApOwupZGAmVF5GxiCgPi7edxQFUA+/UywMmLV2qMGW2MaWqMaVqxYkUP\nhq9KtLg1YHL4eGcI3i7h7Xsb6F0KVYnjsQRhjHnZGBNmjAkH+gO/GmMeBBYCfexqA4EZ9vOZ9jL2\n678avS2ccsr+VeSIFxPjb+D/utejUpkApyNSqsA5cR3Ei8DzIrITa4xhjF0+Bgixy58HXnIgNqUA\nyNy7nK2mGvXDq3Bf06pOh6OUIwrkyh5jzCJgkf18N9DcTZ10oG9BxKPUZWVnYg6sYXX2rbzZO1K7\nllSJpVdSK3WRLeuX4msyKFO3LXVuCL7yG5QqpjRBKJVLZnYOi+fPAuCOO+92OBqlnKUJQqlcJqzc\nR/WUGFIDwwgI0dOoVcmmCUIpW2JqJiPnb6eVz04CarV2OhylHKcJQinb2LlLGJ75JWVzEpCqLZ0O\nRynH6fzESqUlkDT1OYZtn4F4C0T1g4b9nY5KKcdpC0KVbDk5MHUoATtm8TXdSHhsDdwzGnwDnY5M\nKcdpglAl2+L/wI55vJb5EKkdX6dClVpOR6RUoaFdTKrk2vELZtFbLPLvxHyf7ixqW8PpiJQqVLQF\noUqmUwdgyhCSy9ThyVMPMfz2Ovj7eDkdlVKFiiYIVTLNfQGTnckz2c9TqUJ5+t4S5nREShU6miBU\nybPtJ9g2h821H2fh8WCev70O3l76X0Gpi+kYhCpZMtOs1kOFujy9pyURlUpxV4NKTkelVKGkP5tU\nybLkPTi1j/k1XmBPQhZ/vaMuLpfO1qqUO9qCUCXHiV2wbCTZ9fvwakw5mlTzp2MdvSuhUpeiLQhV\nckSPBWOYHvok8YnpDO9cR+/1oNRlaIJQJYMxEPsjOTXa896K0zSqWpb2tSs4HZVShZomCFUyHN0C\nCXtYG9CGg6fSGN65trYelLoCTRCqZIidhUH4x44aNAwro2MPSuWBJghVMsT+yPFyjdiU6MezOvag\nVJ5oglDFX8JeOLKR71MaU79yaTrW1daDUnmhCUIVf7E/AvBtUhRPdbxJWw9K5ZFeB6GKPRM7iz1e\nNfANqcEdkTc6HY5SRYa2IFTxlnwUDqxievotPN6hJl561bRSeaYJQhVvsbMQDNEBbejdWGdsVepq\naBeTKtZSVo7lQE5Vbm3fAV9v/T2k1NXQ/zGq+DoYTeCJjUz16sr9Lao7HY1SRY62IFSxlbRkFC7j\nR3DzBwj003/qSl0tbUGo4iktAb9t05mV05b+7SKdjkapIsljCUJE/EVktYj8LiKbReR1u7yGiKwS\nkR0iMllEfO1yP3t5p/16uKdiU8Vf8upv8DUZHKn7IBWD/ZwOR6kiyZMtiAygkzGmIdAIuENEWgL/\nBt43xtQGEoBH7fqPAgnGmJuA9+16Sl09Y8hY+QXrcm7iri5dnY5GqSLLYwnCWJLtRR/7zwCdgB/s\n8vFAL/v53fYy9uu3iV7yqq5Bxo7fCEnby4bQe7gpNMjpcJQqsjw6BiEiXiKyATgK/ALsAk4ZY7Ls\nKnFAFft5FeAAgP16IhDiZp1DRWStiKw9duyYJ8NXRdSBxeM4bQKI7DLI6VCUKtI8miCMMdnGmEZA\nGNAcqOeumv3orrVg/lBgzGhjTFNjTNOKFXXSNXWhnBxDwMEVxPpF0ax2ZafDUapIK5CzmIwxp4BF\nQEugrIicPecwDIi3n8cBVQHs18sAJwsiPlV8rNgQQxVzmFJ1OuqkfEpdJ0+exVRRRMrazwOAzkAs\nsBDoY1cbCMywn8+0l7Ff/9UY84cWhFKXs2HpbABubnmnw5EoVfRd1dVDIuICgowxp/NQvRIwXkS8\nsBLRd8aYH0VkCzBJRN4E1gNj7PpjgK9FZCdWy6H/1cSm1NbDpyl3dDUZfkH4VY5yOhylirwrJggR\n+RZ4AsgGooEyIvKeMeY/l3ufMSYGaOymfDfWeMTF5elA3zzGrdQffLl0D095xeIKbwMuL6fDUarI\ny0sXU4TdYugFzAGqAQ95NCqlrtLx5AyWb9hEuBzGp1Y7p8NRqljIS4LwEREfrAQxwxiTiZuzi5Ry\n0oSV+2mSs8VaCG/rbDBKFRN5SRCjgL1AILBYRKoDeRmDUKpAZGRl8/XKffQuvwf8SsONOv6gVH64\nYoIwxnxojKlijOlmXx29D7i1AGJTKk9mxxzieHIGLVyxUK2Vjj8olU+umCBE5AYRGSMic+3lCM6f\njqqUo4wxjF22l2YhGZQ6vVu7l5TKR3npYhoH/AycvSx1O/CspwJS6mpE70tg48FEnr7JnnZFE4RS\n+SYvCaKCMeY7IAfOzZOU7dGolMqjscv20tj/EG2OTADfYB1/UCof5eVCuRQRCcE+c8mesjvRo1Ep\nlQeHjh6j8dZ3+dD7J7xOBUOPkeCld45TKr/k5X/T81jTYNQSkWVARc5PlaGUY05PHMIQr0UkRzxA\nULc3IfAPk/8qpa7DFROEMWadiHQA6mLNuLrNvhZCKcekJR6nZsIS5pW5jy59P3M6HKWKpbxMtfHw\nRUVNRARjzFceikmpK4qZP4EWZFOp7YNOh6JUsZWXLqZmuZ77A7cB6wBNEMoRxhi8YqcT77qRyFva\nOx2OUsVWXrqYns69LCJlgK89FpFSV7A2dheNMzew/aZHqOwqkFuaKFUiXcv/rlSgdn4HolRexS6c\ngLfkUKujzhmplCflZQxiFucn53MBEcB3ngxKqUs5cDKVGkd+IaFUGOXCGjkdjlLFWl7GIN7N9TwL\n2GeMifNQPEr90f6VkJMF1dswZckGhslm0ho8DXpLUaU8Ki9jEL8VRCBKuZWTDRP7Q1oC2VWaEnaw\nDN6SQ/Atem8ppTztkglCRJJwf98HAYwxprTHolLqrMMxkJYADe4jbedS+rCW9NLh+N8Q6XRkShV7\nl0wQxpjgggxEKbd2LwLAdHlykw9uAAAX7ElEQVSTPns3cWvQSl7o20W7l5QqAHk+i0lEQkWk2tk/\nTwal1Dm7F0FoBEsPu9h6LJ1atw5Eqja74tuUUtcvL/eD6CkiO4A9wG9Yd5eb6+G4lILMdGuAumZH\nxi3bS4UgX3o0rOR0VEqVGHlpQbwBtAS2G2NqYF1JvcyjUSkFcGAVZKVzJKQFv247ygPNq+HnrXeL\nU6qg5CVBZBpjTgAuEXEZYxYCegK68rw9v4F4MSauMt4uYUDL6k5HpFSJkpfrIE6JSBCwBJggIkex\nrodQyrN2LyK78i18uyGBbg0qEVra3+mIlCpRLtmCEJGPRaQNcDfW9BrPAj8Bu4AeBROeKrHSTkH8\nen73bURyRhaPtq3hdERKlTiXa0HswLqKuhIwGZhojBlfIFEptXcpmBy+jK9G0+rliAor63RESpU4\nl2xBGGM+MMa0AjoAJ4GxIhIrIq+ISJ0Ci1CVTLsXkeUVwM+J1bT1oJRDrjhIbYzZZ4z5tzGmMfAA\ncA8Q6/HIVMllDOxeSIx3JKFlg7k94ganI1KqRMrLdRA+ItJDRCZgXf+wHbg3D++rKiIL7VbHZhEZ\nbpeXF5FfRGSH/VjOLhcR+VBEdopIjIg0uc59U0XVgVVwYiffJ0fxSJtwvL30ng9KOeFyg9S3i8iX\nQBwwFJgD1DLG9DPGTM/DurOAPxtj6mFdR/EnEYkAXgIWGGNqAwvsZYA7se4zUdvent5ouKRa/Tlp\nriB+8WrPfc2qOh2NUiXW5X6ajQBWAPWMMT2MMROMMSl5XbEx5pAxZp39PAmrW6oK1llRZwe7xwO9\n7Od3A18Zy0qgrIjoZbMlTdIRzJYZTMpsR/emtSnt7+N0REqVWJebrO/W/NqIiIQDjYFVwA3GmEP2\nNg6JSKhdrQpwINfb4uyyQ/kVhyoC1o1HcjL5Orsz49ro4LRSTvJ45659kd0U4FljzOnLVXVT9ofp\nxkVkqIisFZG1x44dy68wVWGQnUnOmjEsoyE3129MtZBSTkekVInm0QQhIj5YyWGCMWaqXXzkbNeR\n/XjULo8Dcnc4hwHxF6/TGDPaGNPUGNO0YsWKngteFbyts3ElH2bMmdt5rF1Np6NRqsTzWIIQEQHG\nALHGmPdyvTQTGGg/HwjMyFX+sH02U0sg8WxXlCoZzOrRxEsoyWEdaVytnNPhKFXi5WUupmvVBngI\n2CgiG+yyEcDbwHci8iiwHzh778g5QDdgJ9bUHo94MDZV2BzfiexbxleZ/Xm0Q22no1FK4cEEYYxZ\nivtxBbCmDL+4vgH+5Kl4VOFmfp9IDi5Wl+7CX+vphXFKFQaebEEolTc5OZxZ9y0rshvQu0NTvFx6\nO1GlCgO9RFU5b+8S/FLimedzK31vCXM6GqWUTVsQynEJK8bjZUpRrXVf/H30jnFKFRbaglDOykii\n1M7ZzKMVD7St63Q0SqlcNEEoRx1f/T1+Jp20+v10Wg2lChntYlKOOr3yK5LNjXTt2tPpUJRSF9EW\nhHLM8f1bqZmynh2VuhNaJsDpcJRSF9EEoRyzY/ZIMo0XEXfq5S9KFUaaIJQjjp48ScThmWwu054q\n1XXeJaUKI00QyhFrZo6mjKQQ2vkZp0NRSl2CJghV4E4kpVNjz0QO+tWicoN8u+2IUiqfaYJQBW7u\nTzOIkL34tBwKotNqKFVYaYJQBSoh5QzlNo0n1RVIaJuHnA5HKXUZmiBUgfr6l9XczkoyIu8H30Cn\nw1FKXYZeKKcKzJHT6Zjocfh6ZePb4Smnw1FKXYG2IFSB+WRBLP1cC0ir1gFCajkdjlLqCrQFoQrE\n/hOpHF87gxt9TkLrJ5wORymVB9qCUAVi5ILtPOQ1j+zgMKjT1elwlFJ5oAlCedz2I0nEbFhNK9dm\nvJoPBpfe80GpokAThPK4f82J5RHfBRgvX2j8sNPhKKXySBOE8qjF24+xetsB+notRSJ6QVBFp0NS\nSuWRJgjlMdk5hn/NieXx4OX4ZidD86FOh6SUugp6FpPymO/XHmDH4VNMLT8HbmwJVZs5HZJS6ipo\nC0J5REpGFv/9ZTvDQjdRKjUe2uisrUoVNZoglEd89OtOjiWl87jPjxBSG+rc6XRISqmrpAlC5bud\nR5P4YsluXq57lFInNkPrp8Gl/9SUKmr0f63KV8YY/j5jM6V8vXhEZkBgKET1czospdQ10ASh8tWs\nmEMs33WC/zZLxHfvImj5BPj4Ox2WUuoaaIJQ+SY5I4s3f9zCwxV30Xn9M1ChDjQb4nRYSqlr5LEE\nISJfishREdmUq6y8iPwiIjvsx3J2uYjIhyKyU0RiRKSJp+JSnvPOT1tplLqM11LeQEJugkfmgn8Z\np8NSSl0jT7YgxgF3XFT2ErDAGFMbWGAvA9wJ1Lb/hgKfeTAu5QGrdh0na/WX/M/nA1yVomDQLAis\n4HRYSqnr4LEEYYxZDJy8qPhuYLz9fDzQK1f5V8ayEigrIpU8FZvKX2kpyZyYOJR/+YzB1OwAD0+H\ngHJOh6WUuk4FPQZxgzHmEID9GGqXVwEO5KoXZ5epwu50PImf3Eq3rAUcaDAMrwE/gF+w01EppfJB\nYRmkFjdlxm1FkaEislZE1h47dszDYakrOTn1L5RO2cdXNf5N1Xv/qVN5K1WMFHSCOHK268h+PGqX\nxwFVc9ULA+LdrcAYM9oY09QY07RiRZ0Z1Ekp+9ZTfu9svvPuQe9+jzodjlIqnxV0gpgJDLSfDwRm\n5Cp/2D6bqSWQeLYrShVeu7//G4mmFA3ve4Vgfx+nw1FK5TNPnuY6EVgB1BWROBF5FHgbuF1EdgC3\n28sAc4DdwE7gc+ApT8Wl8sfCBXNokLyMzeEDaVw33OlwlFIe4LHpvo0x91/ipdvc1DXAnzwVi8pf\n+06k4Lv4LU67ytCi/winw1FKeUhhGaRWRUTamWw+GTuONhKDafssXgGlnQ5JKeUhmiBUnhlj+Od3\nCxme9F/SS1WmTPsnnQ5JKeVBekc5lWfjftvKPdtfJNQ7BZ+HpoFPgNMhKaU8SBOEypNlO45RdsFf\naOK1E3PveKjU0OmQlFIepl1M6oq2HTrN5gkv0NtrKRntXkbq97rym5RSRZ62INRlHUpIIvbzwQzl\nF1LqP0BgpxedDkkpVUC0BaEu6XRSIns/uZdeOb9wrPHTBPb5FMTdrChKqeJIWxDKrdT0DHZ/3JsW\nmevY1ew1anV/zumQlFIFTFsQ6g9Sz2Tx88fP0Cgjmo2NNTkoVVJpglAXSDuTzaeffUjv5Ensrd6H\nhr2edTokpZRDNEGoc06nZzLii6kMPfkOCWXrEz7gE6dDUko5SBOEAuDo6XT6jVpJ/8P/xc/Pj3KD\nJoOPv9NhKaUcpAmipDq4DpKtGy7tOpZM70+Xw4ldtHDF4tf+WShb9QorUEoVd5ogSpozqfDj8/D5\nrfDDIyzadpTenywjIyub8U12gbggqp/TUSqlCgFNECVJ/HoY1R7WjsGENYO9S/hw/ASqlCvFtCdb\nEbp7KtTqBKUrOx2pUqoQ0ARRUqSfhvE9ITOVpPumMtznVU6aIP5R7memPtmaqolr4XQcNHrA6UiV\nUoWEJoiSYvNUyDjNhlYf0Hm6Ye72JHbXeojIlBUEnNwCG74FvzJQ9y6nI1VKFRKaIAqjrbNhfA/I\nOpNvq8yO/pqj/jXoNSODYH8fpj3VhqZ9XwTfYFjwBmyZCZH36JlLSqlzNEEURpumwJ7FsH1uvqxu\n2YqleMWvZVRSawa2CmfWsLZEVikDAeWg+RDY8TNkpUGjB/Nle0qp4kETRGF0MNp6jB53XavZdSyZ\nIePXsHn2p2ThRc+HnuX1uyMJ8PU6X6nlU+DtDyG1IazpdW1PKVW86GR9hU3KcUjYC0E3wq6FkLAP\nylW/qlUcPZ3OyAU7mLzmAEHeOXwUsBxXrW40vLnOHysHhULfcVZrQmdqVUrloi2IwuZs66HLG9YX\n9vqv8/a+1JOcWDeDJf97mk3/7YZX9JcMal6JJb0zCchMwNXkoUu/t+6dUK3l9ceulCpWtAVR2MSt\ntS5Wq9sNbuoM67+BDi+Bl7fVmoidCc0eu2Awee/an6kyewAh5gytjIvTvqF0yoyG3fMgvrTVGql1\nm4M7pZQqirQFcSlnUmDxf6zHvDq1/+rqu3MwGkIjwC8ImgyEpEOwYx7sXACjO8C8/4PZz5OWkcW0\n9XE8/MnP+M56goM55fmy9icc+dMOyo/YCgOmQulKcHQLNB5gJRillLoK+q1xKas/h1/fhNJh0Oj+\n8+VZZ2DGn6D1MKjU8Hz5mVT4rC1E9IC7r3EWVGOsBBFxt7VcpysE3QBzX4DEOExoPQ5XvYtKG75h\n5HofRmXczrigT7nRdZrUAXMYXKvF+XXddJt1VfThGKh487XFo5Qq0bQF4U7WGVg1ynq+b9mFrx1Y\nBRu/g6XvX1i+bQ5kJMKmqZCeeG3bPbEL0k9BlVusZS8fMqMehMQDrCtzG22Oj6B1zB0sME15Qb5m\nRdRcOmYtw9XpbwTlTg5niVhJzNvv2uJRSpVo2oJwZ/NUSIqHwFDYv+LC1/Ysth63zoa0BOvsH4CN\nP4BPIGSmWNcxNB189ds9uBaALV51WLRoJ0u2HydmXyPq57xCbGIknW6+gS4RN9Km5g94jetKpe3f\nQPW20Gb4deysUkq5pwniYsbA8o+sbplGD8Avf4ekIxB8g/X63iVQqgKkHrdaC80ehdSTsPMXaPGE\ndWrquq8uTBCrRoNf8IVdVYAxhoOn0tgYl0jMwUQaxsymnfGn+6Tj5HCSepVK82CbOrSr3ZoWNULw\n9c7V4Lt/Iix+Fzr9DVxeKKVUfiuZCWLzNFgzBh6e8ccv192L4MgmaxyhYj2rbP9yqN/bGoCOWwOt\nhlkDxxu+tRLElhmQkwVR90GZqvDTi3B4I9zYALbPg7l/xYgXG9ND+d3UYsfRZLYeSmLbkSQS0zIB\n8HYJcwK2ciw4gk/6NKVpeHkqBl+mayikFvT+zDOfj1JKUcgShIjcAXwAeAFfGGPe9tCWrJbAzgVQ\np8uFLy3/yBoYbtDXOt3UJxD2rbASxP4VViKo0R4CK1hnFB3bTnbM9+SUu4kN6WEcd7Wji/iwdspI\nJgX04+8HhnDMVCXQpBI05yn+deZfePkFUeeGILo1qEREpWCiwspSt4IP/v/ZAw3/RHiDSp7ZbaWU\nugqFJkGIiBfwCXA7EAesEZGZxpgt+b6xm++yxheix0GdLhhjOJOdQ8aBGErvWsCx5i+w/2AKSelZ\n1C8bhVfsIiYG7KTxtmk0F2+eWeJLenI4o3Ex9+PnuYvlfJh1Lx+NWgnAhz5N6Xh0Lg/47CaIVCZH\nfkLNgDS6rH2MtS0WU6rXSOTiq5YPrIGczPMD1Eop5bBCkyCA5sBOY8xuABGZBNwN5HuCmBR9iKwz\n7ei/bRpdX5vIvjNlyMoxfO7zLi1cpei8+CYSF1uD0097VeE575WM+nkdE/yWs9FVh92JhpCgimwL\nbE6PlCUA1OsymPGV6lCpjD9hCf6UmnQPzbLWwR3/5omWPawN+/xO4IqPIbI71L79wqD2WuvR+ZCU\nUoVFYUoQVYADuZbjADfnbl6/isF+LK96D967p/C3ytGsrTaEm9I3cvuGdcTUHc5bke0J8vMm0M+b\nG0764JrxA2vvy8Z31l5o/wI/3dreWtHmJ+D7lVDlFrp1aJNrA7fCDQ2s+zq3ePx8eadXYNevMLG/\nNaDd4QVwecP812H1KKjcWO/mppQqNMQY43QMAIhIX6CrMWaIvfwQ0NwY8/RF9YYCQwGqVat2y759\n+659o1/dDSd2w/ANMLYbJOyBZ9aDb+D5Oplp8FZVKF8Tjm+DQXMg3E4Gmekw5nZo/QxE9b1w3VkZ\n4OX7xwnwUo7Dgtdh3ddQKsTa1ql90PxxuO3v1hXUSinlQSISbYy5YndFYbpQLg6omms5DIi/uJIx\nZrQxpqkxpmnFihWvb4u3DILE/daVygdWQocXL0wOAD4B1rjA8W3gHXBhF5CPPzyx5I/JAayL09zN\njhpYAXp+BEMXQcW6VhIZNAe6vaPJQSlVqBSmLqY1QG0RqQEcBPoDnr1Bct27ILAirPkCyteCJg+7\nr1e9tZVAqrXMv6uSKzeCR+ZY113oNNtKqUKo0LQgjDFZwDDgZyAW+M4Ys9mjG/X2PX8XtU7/B14+\n7utVt7uUarTP/xg0OSilCqnC1ILAGDMHmFOgG233vDV7akSvS9ep0c66OE5vyamUKkEKVYJwhH8Z\naNjv8nW8/aDrPwsmHqWUKiQKTReTUkqpwkUThFJKKbc0QSillHJLE4RSSim3NEEopZRySxOEUkop\ntzRBKKWUcksThFJKKbcKzWyu10JEjgHXOp1rBeB4PoZTFOg+lwy6zyXD9exzdWPMFWc7LdIJ4nqI\nyNq8THdbnOg+lwy6zyVDQeyzdjEppZRySxOEUkopt0pyghjtdAAO0H0uGXSfSwaP73OJHYNQSil1\neSW5BaGUUuoySmSCEJE7RGSbiOwUkZecjic/iEhVEVkoIrEisllEhtvl5UXkFxHZYT+Ws8tFRD60\nP4MYEWni7B5cOxHxEpH1IvKjvVxDRFbZ+zxZRHztcj97eaf9eriTcV8rESkrIj+IyFb7eLcq7sdZ\nRJ6z/11vEpGJIuJf3I6ziHwpIkdFZFOusqs+riIy0K6/Q0QGXk9MJS5BiIgX8AlwJxAB3C8iEc5G\nlS+ygD8bY+oBLYE/2fv1ErDAGFMbWGAvg7X/te2/ocBnBR9yvhmOdZvas/4NvG/vcwLwqF3+KJBg\njLkJeN+uVxR9APxkjLkZaIi178X2OItIFeAZoKkxJhLwwrpnfXE7zuOAOy4qu6rjKiLlgVeBFkBz\n4NWzSeWaGGNK1B/QCvg51/LLwMtOx+WB/ZwB3A5sAyrZZZWAbfbzUcD9ueqfq1eU/oAw+z9OJ+BH\nQLAuHvK++Hhj3e+8lf3c264nTu/DVe5vaWDPxXEX5+MMVAEOAOXt4/Yj0LU4HmcgHNh0rccVuB8Y\nlav8gnpX+1fiWhCc/8d2VpxdVmzYTerGwCrgBmPMIQD7MdSuVlw+h5HAC0COvRwCnDLGZNnLuffr\n3D7bryfa9YuSmsAxYKzdrfaFiARSjI+zMeYg8C6wHziEddyiKd7H+ayrPa75erxLYoIQN2XF5lQu\nEQkCpgDPGmNOX66qm7Ii9TmISHfgqDEmOnexm6omD68VFd5AE+AzY0xjIIXz3Q7uFPl9trtI7gZq\nAJWBQKwulosVp+N8JZfax3zd95KYIOKAqrmWw4B4h2LJVyLig5UcJhhjptrFR0Skkv16JeCoXV4c\nPoc2QE8R2QtMwupmGgmUFRFvu07u/Tq3z/brZYCTBRlwPogD4owxq+zlH7ASRnE+zp2BPcaYY8aY\nTGAq0JrifZzPutrjmq/HuyQmiDVAbfsMCF+swa6ZDsd03UREgDFArDHmvVwvzQTOnskwEGts4mz5\nw/bZEC2BxLNN2aLCGPOyMSbMGBOOdRx/NcY8CCwE+tjVLt7ns59FH7t+kfplaYw5DBwQkbp20W3A\nForxccbqWmopIqXsf+dn97nYHudcrva4/gx0EZFydsuri112bZwelHFoIKgbsB3YBfzN6XjyaZ/a\nYjUlY4AN9l83rL7XBcAO+7G8XV+wzubaBWzEOkPE8f24jv3vCPxoP68JrAZ2At8Dfna5v7280369\nptNxX+O+NgLW2sd6OlCuuB9n4HVgK7AJ+BrwK27HGZiINcaSidUSePRajisw2N73ncAj1xOTXkmt\nlFLKrZLYxaSUUioPNEEopZRySxOEUkoptzRBKKWUcksThFJKKbe8r1xFKSUiZ083BLgRyMaa8gIg\n1RjT2pHAlPIgPc1VqaskIq8BycaYd52ORSlP0i4mpa6TiCTbjx1F5DcR+U5EtovI2yLyoIisFpGN\nIlLLrldRRKaIyBr7r42ze6CUe5oglMpfDbHuT9EAeAioY4xpDnwBPG3X+QDrPgbNgHvt15QqdHQM\nQqn8tcbYcx2JyC5gnl2+EbjVft4ZiLCmFQKgtIgEG2OSCjRSpa5AE4RS+Ssj1/OcXMs5nP//5sK6\noU1aQQam1NXSLialCt48YNjZBRFp5GAsSl2SJgilCt4zQFP7ZvNbgCecDkgpd/Q0V6WUUm5pC0Ip\npZRbmiCUUkq5pQlCKaWUW5oglFJKuaUJQimllFuaIJRSSrmlCUIppZRbmiCUUkq59f/Gcp4QYAxQ\npwAAAABJRU5ErkJggg==\n",
      "text/plain": [
       "<matplotlib.figure.Figure at 0x2170b0496a0>"
      ]
     },
     "metadata": {},
     "output_type": "display_data"
    }
   ],
   "source": [
    "import os\n",
    "os.chdir('C:/Users/bclamber/Desktop/AllPints/pints3/pints/')\n",
    "from __future__ import print_function\n",
    "import pints\n",
    "import pints.toy as toy\n",
    "import numpy as np\n",
    "import matplotlib.pyplot as plt\n",
    "\n",
    "# Load a forward model\n",
    "model = toy.LogisticModel()\n",
    "\n",
    "# Create some toy data\n",
    "r = 0.015\n",
    "k = 500\n",
    "real_parameters = [r, k]\n",
    "times = np.linspace(0, 1000, 100)\n",
    "signal_values = model.simulate(real_parameters, times)\n",
    "\n",
    "# Add independent Gaussian noise\n",
    "sigma = 10\n",
    "observed_values = signal_values + pints.noise.independent(sigma, signal_values.shape)\n",
    "\n",
    "# Plot\n",
    "plt.plot(times,signal_values,label = 'signal')\n",
    "plt.plot(times,observed_values,label = 'observed')\n",
    "plt.xlabel('Time')\n",
    "plt.ylabel('Values')\n",
    "plt.legend()\n",
    "plt.show()"
   ]
  },
  {
   "cell_type": "markdown",
   "metadata": {},
   "source": [
    "Create the nested sampler that will be used to sample from the posterior."
   ]
  },
  {
   "cell_type": "code",
   "execution_count": 2,
   "metadata": {
    "collapsed": true
   },
   "outputs": [],
   "source": [
    "# Create an object with links to the model and time series\n",
    "problem = pints.SingleOutputProblem(model, times, observed_values)\n",
    "\n",
    "# Create a log-likelihood function (adds an extra parameter!)\n",
    "log_likelihood = pints.UnknownNoiseLogLikelihood(problem)\n",
    "\n",
    "# Create a uniform prior over both the parameters and the new noise variable\n",
    "log_prior = pints.UniformLogPrior(\n",
    "    [0.01, 400, sigma * 0.5],\n",
    "    [0.02, 600, sigma * 1.5])\n",
    "\n",
    "# Create a nested ellipsoidal rejectection sampler\n",
    "sampler = pints.NestedEllipsoidSampler(log_likelihood, log_prior)\n",
    "\n",
    "# Set number of iterations\n",
    "sampler.set_iterations(2000)\n",
    "\n",
    "# Set enlargement factor (a value of 1 means uniformly sample from the minimum volume \n",
    "# ellipsoid around sampled points, whereas > 1 widens the sampling volume)\n",
    "sampler.set_enlargement_factor(1.25)\n",
    "\n",
    "# Set number of initial rejection samples (before ellipsoidal sampling begins)\n",
    "sampler.set_rejection_samples(200)\n",
    "\n",
    "# Set the number of posterior samples to generate\n",
    "sampler.set_posterior_samples(400)\n",
    "\n",
    "# Set gaps between updating ellipsoid\n",
    "sampler.set_ellipsoid_update_gap(100)\n",
    "\n",
    "# Set the number of active points\n",
    "sampler.set_active_points_rate(400)"
   ]
  },
  {
   "cell_type": "markdown",
   "metadata": {},
   "source": [
    "Run the sampler!"
   ]
  },
  {
   "cell_type": "code",
   "execution_count": 3,
   "metadata": {},
   "outputs": [
    {
     "name": "stdout",
     "output_type": "stream",
     "text": [
      "Running nested rejection sampling\n",
      "Number of active points: 400\n",
      "Total number of iterations: 2000\n",
      "Enlargement factor: 1.25\n",
      "Total number of posterior samples: 400\n",
      "Iter. Eval. Time m:s\n",
      "0     1       0:00.0\n",
      "0     2       0:00.0\n",
      "0     3       0:00.0\n",
      "0     4       0:00.0\n",
      "0     5       0:00.0\n",
      "0     21      0:00.0\n",
      "0     41      0:00.0\n",
      "0     61      0:00.0\n",
      "0     81      0:00.0\n",
      "0     101     0:00.0\n",
      "0     121     0:00.0\n",
      "0     141     0:00.0\n",
      "0     161     0:00.0\n",
      "0     181     0:00.0\n",
      "0     201     0:00.0\n",
      "0     221     0:00.0\n",
      "0     241     0:00.0\n",
      "0     261     0:00.0\n",
      "0     281     0:00.0\n",
      "0     301     0:00.0\n",
      "0     321     0:00.0\n",
      "0     341     0:00.0\n",
      "0     361     0:00.0\n",
      "0     381     0:00.0\n",
      "400   401     0:00.0\n",
      "420   422     0:00.0\n",
      "440   444     0:00.0\n",
      "460   466     0:00.0\n",
      "480   489     0:00.0\n",
      "500   512     0:00.0\n",
      "520   538     0:00.1\n",
      "540   564     0:00.1\n",
      "560   596     0:00.1\n",
      "580   622     0:00.1\n",
      "[[  3.56688896e+04   3.10411164e-01   1.59999115e+00]\n",
      " [  3.10411164e-01   6.42922750e-05   1.42647140e-04]\n",
      " [  1.59999115e+00   1.42647140e-04   1.98754233e-02]]\n",
      "[  1.53286246e-02   5.01438253e+02   1.19696258e+01]\n",
      "600   661     0:01.5\n",
      "620   690     0:01.5\n",
      "640   717     0:01.5\n",
      "660   742     0:01.5\n",
      "680   781     0:01.5\n",
      "[[  3.97064089e+04   2.66743287e-01  -3.99436470e+00]\n",
      " [  2.66743287e-01   5.97488388e-05   9.12743499e-05]\n",
      " [ -3.99436470e+00   9.12743499e-05   1.41768423e-02]]\n",
      "[  1.52331933e-02   4.98315638e+02   1.29340716e+01]\n",
      "700   814     0:03.2\n",
      "720   851     0:03.2\n",
      "740   882     0:03.2\n",
      "760   909     0:03.2\n",
      "780   945     0:03.2\n",
      "[[  4.64911134e+04   6.12439199e-01  -2.75377702e+00]\n",
      " [  6.12439199e-01   6.92126934e-05   6.05665186e-06]\n",
      " [ -2.75377702e+00   6.05665186e-06   1.11748578e-02]]\n",
      "[  1.56725104e-02   4.82445152e+02   1.44399546e+01]\n",
      "[[  4.64911134e+04   6.12439199e-01  -2.75377702e+00]\n",
      " [  6.12439199e-01   6.92126934e-05   6.05665186e-06]\n",
      " [ -2.75377702e+00   6.05665186e-06   1.11748578e-02]]\n",
      "[  1.56725104e-02   4.82445152e+02   1.44399546e+01]\n",
      "800   974     0:06.3\n",
      "820   1001    0:06.3\n",
      "840   1029    0:06.3\n",
      "860   1066    0:06.3\n",
      "880   1102    0:06.3\n",
      "[[  5.56426617e+04   1.03421548e+00  -4.35964239e+00]\n",
      " [  1.03421548e+00   8.34461416e-05  -7.39237207e-05]\n",
      " [ -4.35964239e+00  -7.39237207e-05   7.47022787e-03]]\n",
      "[  1.55470682e-02   4.89164485e+02   1.60654239e+01]\n",
      "900   1136    0:07.6\n",
      "920   1169    0:07.6\n",
      "940   1201    0:07.6\n",
      "960   1245    0:07.6\n",
      "980   1276    0:07.6\n",
      "[[  6.30273189e+04   1.05316773e+00  -3.57794189e+00]\n",
      " [  1.05316773e+00   8.75991677e-05  -3.90400615e-05]\n",
      " [ -3.57794189e+00  -3.90400615e-05   5.41609859e-03]]\n",
      "[  1.55385077e-02   4.86063540e+02   1.80816610e+01]\n",
      "[[  6.30273189e+04   1.05316773e+00  -3.57794189e+00]\n",
      " [  1.05316773e+00   8.75991677e-05  -3.90400615e-05]\n",
      " [ -3.57794189e+00  -3.90400615e-05   5.41609859e-03]]\n",
      "[  1.55385077e-02   4.86063540e+02   1.80816610e+01]\n",
      "1000  1312    0:10.3\n",
      "1020  1357    0:10.3\n",
      "1040  1389    0:10.3\n",
      "1060  1418    0:10.3\n",
      "1080  1451    0:10.3\n",
      "[[  8.20379220e+04   1.32370364e+00  -2.40440165e+00]\n",
      " [  1.32370364e+00   8.58855248e-05   2.33747723e-06]\n",
      " [ -2.40440165e+00   2.33747723e-06   4.19586819e-03]]\n",
      "[  1.54415807e-02   4.92059535e+02   1.97427780e+01]\n",
      "1100  1488    0:11.7\n",
      "1120  1518    0:11.7\n",
      "1140  1555    0:11.7\n",
      "1160  1602    0:11.7\n",
      "1180  1636    0:11.7\n",
      "[[  9.60345088e+04   2.00296971e+00  -4.00602020e+00]\n",
      " [  2.00296971e+00   1.24204274e-04  -3.70333283e-05]\n",
      " [ -4.00602020e+00  -3.70333283e-05   3.17064852e-03]]\n",
      "[  1.55330211e-02   4.90090308e+02   2.31414763e+01]\n",
      "[[  9.60345088e+04   2.00296971e+00  -4.00602020e+00]\n",
      " [  2.00296971e+00   1.24204274e-04  -3.70333283e-05]\n",
      " [ -4.00602020e+00  -3.70333283e-05   3.17064852e-03]]\n",
      "[  1.55330211e-02   4.90090308e+02   2.31414763e+01]\n",
      "1200  1670    0:14.5\n",
      "1220  1698    0:14.5\n",
      "1240  1735    0:14.5\n",
      "1260  1768    0:14.5\n",
      "1280  1808    0:14.6\n",
      "[[  1.06591379e+05   1.95546203e+00  -2.52943838e+00]\n",
      " [  1.95546203e+00   1.31796354e-04   2.11048400e-05]\n",
      " [ -2.52943838e+00   2.11048400e-05   2.29160913e-03]]\n",
      "[  1.55376954e-02   4.91166125e+02   2.57064154e+01]\n",
      "1300  1845    0:16.0\n",
      "1320  1871    0:16.0\n",
      "1340  1911    0:16.0\n",
      "1360  1954    0:16.0\n",
      "1380  1990    0:16.0\n",
      "[[  9.71455831e+04   1.47960685e+00  -2.10529371e+00]\n",
      " [  1.47960685e+00   1.32345211e-04   7.78382420e-06]\n",
      " [ -2.10529371e+00   7.78382420e-06   1.88596088e-03]]\n",
      "[  1.53005941e-02   4.98967677e+02   2.83779356e+01]\n",
      "[[  9.71455831e+04   1.47960685e+00  -2.10529371e+00]\n",
      " [  1.47960685e+00   1.32345211e-04   7.78382420e-06]\n",
      " [ -2.10529371e+00   7.78382420e-06   1.88596088e-03]]\n",
      "[  1.53005941e-02   4.98967677e+02   2.83779356e+01]\n",
      "1400  2028    0:19.4\n",
      "1420  2058    0:19.4\n",
      "1440  2093    0:19.4\n",
      "1460  2128    0:19.4\n",
      "1480  2170    0:19.4\n",
      "[[  1.17005627e+05   1.77404697e+00  -1.50850319e+00]\n",
      " [  1.77404697e+00   1.58264439e-04  -1.03212888e-05]\n",
      " [ -1.50850319e+00  -1.03212888e-05   1.21125907e-03]]\n",
      "[  1.53953626e-02   5.02499602e+02   3.40138968e+01]\n",
      "1500  2202    0:20.9\n",
      "1520  2239    0:20.9\n",
      "1540  2265    0:20.9\n",
      "1560  2294    0:20.9\n",
      "1580  2329    0:20.9\n",
      "[[  1.69306865e+05   2.54322148e+00  -2.11515748e+00]\n",
      " [  2.54322148e+00   2.00974577e-04  -2.43581773e-05]\n",
      " [ -2.11515748e+00  -2.43581773e-05   9.38178976e-04]]\n",
      "[  1.52138916e-02   4.98631173e+02   3.79237770e+01]\n",
      "[[  1.69306865e+05   2.54322148e+00  -2.11515748e+00]\n",
      " [  2.54322148e+00   2.00974577e-04  -2.43581773e-05]\n",
      " [ -2.11515748e+00  -2.43581773e-05   9.38178976e-04]]\n",
      "[  1.52138916e-02   4.98631173e+02   3.79237770e+01]\n",
      "1600  2377    0:23.4\n",
      "1620  2414    0:23.4\n",
      "1640  2448    0:23.4\n",
      "1660  2479    0:23.4\n",
      "1680  2511    0:23.4\n",
      "[[  2.08963467e+05   3.39344599e+00   4.81418687e-01]\n",
      " [  3.39344599e+00   2.97243279e-04   1.09786758e-06]\n",
      " [  4.81418687e-01   1.09786758e-06   8.77207005e-04]]\n",
      "[  1.50288725e-02   4.96479205e+02   3.81193806e+01]\n",
      "1700  2549    0:24.9\n",
      "1720  2589    0:24.9\n",
      "1740  2626    0:24.9\n",
      "1760  2664    0:25.0\n",
      "1780  2710    0:25.0\n",
      "[[  2.69042719e+05   3.35767573e+00   8.05789126e-01]\n",
      " [  3.35767573e+00   3.54583491e-04   7.88998348e-05]\n",
      " [  8.05789126e-01   7.88998348e-05   1.23483244e-03]]\n",
      "[  1.50647711e-02   5.00005340e+02   3.29333091e+01]\n",
      "[[  2.69042719e+05   3.35767573e+00   8.05789126e-01]\n",
      " [  3.35767573e+00   3.54583491e-04   7.88998348e-05]\n",
      " [  8.05789126e-01   7.88998348e-05   1.23483244e-03]]\n",
      "[  1.50647711e-02   5.00005340e+02   3.29333091e+01]\n",
      "1800  2749    0:27.6\n",
      "1820  2779    0:27.6\n",
      "1840  2811    0:27.6\n",
      "1860  2841    0:27.6\n",
      "1880  2890    0:27.6\n",
      "[[  3.29949968e+05   4.41296525e+00   8.77243288e-01]\n",
      " [  4.41296525e+00   4.73563492e-04   2.63713113e-05]\n",
      " [  8.77243288e-01   2.63713113e-05   1.49358678e-03]]\n",
      "[  1.50153217e-02   4.98010756e+02   3.08822164e+01]\n",
      "1900  2942    0:29.0\n",
      "1920  2973    0:29.0\n",
      "1940  3003    0:29.0\n",
      "1960  3036    0:29.0\n",
      "1980  3084    0:29.0\n",
      "[[  4.40088974e+05   5.76247573e+00   1.14990548e+00]\n",
      " [  5.76247573e+00   5.33452951e-04   1.36517167e-05]\n",
      " [  1.14990548e+00   1.36517167e-05   1.78387142e-03]]\n",
      "[  1.50123831e-02   4.97476031e+02   2.88075845e+01]\n",
      "[[  4.40088974e+05   5.76247573e+00   1.14990548e+00]\n",
      " [  5.76247573e+00   5.33452951e-04   1.36517167e-05]\n",
      " [  1.14990548e+00   1.36517167e-05   1.78387142e-03]]\n",
      "[  1.50123831e-02   4.97476031e+02   2.88075845e+01]\n",
      "2000  3123    0:32.0\n",
      "2020  3151    0:32.0\n",
      "2040  3180    0:32.0\n",
      "2060  3208    0:32.0\n",
      "2080  3251    0:32.1\n",
      "[[  5.17943006e+05   7.16187853e+00  -1.17594567e-01]\n",
      " [  7.16187853e+00   7.10467899e-04  -8.26675883e-05]\n",
      " [ -1.17594567e-01  -8.26675883e-05   2.25962552e-03]]\n",
      "[  1.49558676e-02   4.98063745e+02   2.66656197e+01]\n",
      "2100  3290    0:33.5\n",
      "2120  3325    0:33.5\n",
      "2140  3355    0:33.5\n",
      "2160  3385    0:33.5\n",
      "2180  3429    0:33.5\n",
      "[[  6.31837370e+05   8.36608425e+00   3.40205374e-01]\n",
      " [  8.36608425e+00   8.22416539e-04   8.07526841e-06]\n",
      " [  3.40205374e-01   8.07526841e-06   2.72506765e-03]]\n",
      "[  1.49970074e-02   4.97835124e+02   2.44345016e+01]\n",
      "[[  6.31837370e+05   8.36608425e+00   3.40205374e-01]\n",
      " [  8.36608425e+00   8.22416539e-04   8.07526841e-06]\n",
      " [  3.40205374e-01   8.07526841e-06   2.72506765e-03]]\n",
      "[  1.49970074e-02   4.97835124e+02   2.44345016e+01]\n",
      "2200  3466    0:36.5\n",
      "2220  3497    0:36.5\n",
      "2240  3530    0:36.5\n",
      "2260  3569    0:36.5\n",
      "2280  3610    0:36.5\n",
      "[[  7.78285055e+05   9.35570619e+00   1.56198942e+00]\n",
      " [  9.35570619e+00   1.01316936e-03  -1.63401527e-05]\n",
      " [  1.56198942e+00  -1.63401527e-05   3.47111475e-03]]\n",
      "[  1.49743580e-02   4.97639177e+02   2.23674897e+01]\n",
      "2300  3654    0:38.0\n",
      "2320  3684    0:38.1\n",
      "2340  3718    0:38.1\n",
      "2360  3752    0:38.1\n",
      "2380  3778    0:38.1\n"
     ]
    },
    {
     "name": "stdout",
     "output_type": "stream",
     "text": [
      "[[  8.55186733e+05   9.86785581e+00   7.52076928e-01]\n",
      " [  9.86785581e+00   1.20306592e-03   1.22158579e-05]\n",
      " [  7.52076928e-01   1.22158579e-05   4.29100028e-03]]\n",
      "[  1.49574549e-02   4.98371785e+02   2.04637370e+01]\n",
      "[[  8.55186733e+05   9.86785581e+00   7.52076928e-01]\n",
      " [  9.86785581e+00   1.20306592e-03   1.22158579e-05]\n",
      " [  7.52076928e-01   1.22158579e-05   4.29100028e-03]]\n",
      "[  1.49574549e-02   4.98371785e+02   2.04637370e+01]\n",
      "Done!\n"
     ]
    }
   ],
   "source": [
    "samples, marginal_log_likelihood = sampler.run()\n",
    "print('Done!')"
   ]
  },
  {
   "cell_type": "code",
   "execution_count": 3,
   "metadata": {},
   "outputs": [
    {
     "name": "stdout",
     "output_type": "stream",
     "text": [
      "Running nested rejection sampling\n",
      "Number of active points: 400\n",
      "Total number of iterations: 2000\n",
      "Enlargement factor: 1.25\n",
      "Total number of posterior samples: 400\n",
      "Iter. Eval. Time m:s\n",
      "0     1       0:00.0\n",
      "0     2       0:00.0\n",
      "0     3       0:00.0\n",
      "0     4       0:00.0\n",
      "0     5       0:00.0\n",
      "0     21      0:00.0\n",
      "0     41      0:00.0\n",
      "0     61      0:00.0\n",
      "0     81      0:00.0\n",
      "0     101     0:00.0\n",
      "0     121     0:00.0\n",
      "0     141     0:00.0\n",
      "0     161     0:00.0\n",
      "0     181     0:00.0\n",
      "0     201     0:00.0\n",
      "0     221     0:00.0\n",
      "0     241     0:00.0\n",
      "0     261     0:00.0\n",
      "0     281     0:00.0\n",
      "0     301     0:00.0\n",
      "0     321     0:00.0\n",
      "0     341     0:00.0\n",
      "0     361     0:00.0\n",
      "0     381     0:00.0\n",
      "400   401     0:00.0\n",
      "420   421     0:00.0\n",
      "440   446     0:00.0\n",
      "460   468     0:00.0\n",
      "480   495     0:00.0\n",
      "500   523     0:00.0\n",
      "520   552     0:00.1\n",
      "540   578     0:00.1\n",
      "560   606     0:00.1\n",
      "580   637     0:00.1\n",
      "[[  2.10911664e+04   2.57942937e-01   3.93976441e-01]\n",
      " [  2.57942937e-01   4.16710827e-05   2.99197780e-05]\n",
      " [  3.93976441e-01   2.99197780e-05   1.42875360e-02]]\n",
      "[  1.53389813e-02   4.95528528e+02   1.10437159e+01]\n",
      "[  1.57764666e-02   4.43746853e+02   1.51602815e+01]\n",
      "-687.578080157\n",
      "600   670     0:00.1\n",
      "[  1.20184611e-02   4.36125794e+02   1.37750847e+01]\n",
      "-2515.31410214\n",
      "[  1.48287302e-02   5.01071025e+02   2.78125082e+00]\n",
      "-824.36083549\n",
      "[  1.28318663e-02   6.32782203e+02   1.38904373e+01]\n",
      "-2233.52212723\n",
      "[  1.50911831e-02   5.02674789e+02   8.95649229e+00]\n",
      "-369.332822106\n",
      "[  1.52258885e-02   4.00872215e+02   1.06147820e+01]\n",
      "-2521.65132955\n",
      "[  1.63340160e-02   4.96217043e+02   9.59940682e+00]\n",
      "-655.589405933\n",
      "[  1.92256112e-02   3.90190232e+02   1.41390274e+01]\n",
      "-2089.32996129\n",
      "[  1.36416152e-02   4.69543306e+02   1.91609028e+01]\n",
      "-625.755928891\n",
      "[  1.35228366e-02   4.50497465e+02   1.06591228e+01]\n",
      "-1615.3847512\n",
      "[  1.56725021e-02   5.77973254e+02   1.30583577e+01]\n",
      "-1525.3584577\n",
      "[  1.30261666e-02   4.83611554e+02   1.05153902e+01]\n",
      "-1404.12281199\n",
      "[  1.83617489e-02   5.67154156e+02   1.32380442e+01]\n",
      "-2715.36830919\n",
      "[  1.93606147e-02   4.49867979e+02   9.97539208e+00]\n",
      "-2343.5319677\n",
      "[  1.55395111e-02   6.16035464e+02   1.39473740e+01]\n",
      "-2379.14297227\n",
      "[  2.12496617e-02   4.64504487e+02   1.52021822e+01]\n",
      "-1833.27778887\n",
      "[  1.37559293e-02   5.28741774e+02   6.03100550e+00]\n",
      "-1422.31526832\n",
      "[  1.62834499e-02   5.56264416e+02   1.53831199e+01]\n",
      "-1026.34511697\n",
      "[  1.59100719e-02   4.89894664e+02   1.78436309e+01]\n",
      "-429.695383355\n",
      "[  1.37734966e-02   4.62299390e+02   1.97275026e+01]\n",
      "-630.824906085\n",
      "[  1.23482009e-02   4.51702595e+02   1.43654649e+01]\n",
      "-1777.21700277\n",
      "620   706     0:00.1\n",
      "[  1.19792306e-02   4.97925930e+02   1.21209627e+01]\n",
      "-2037.21233976\n",
      "[  1.17970293e-02   4.61577158e+02   1.45324523e+01]\n",
      "-2094.52949284\n",
      "[  1.50162549e-02   5.45363329e+02   8.89707815e+00]\n",
      "-1045.99193085\n",
      "[  1.95841593e-02   4.68635703e+02   1.58030410e+01]\n",
      "-1230.17326287\n",
      "[  1.57063082e-02   4.38692190e+02   1.54536082e+01]\n",
      "-735.532726513\n",
      "[  1.30778055e-02   5.32851448e+02   1.97518012e+01]\n",
      "-613.568777461\n",
      "[  1.56947062e-02   4.79590567e+02   2.60442728e+00]\n",
      "-2460.83565275\n",
      "[  1.43618149e-02   4.83761973e+02   6.91561487e+00]\n",
      "-793.772643526\n",
