function [DIR,JOB,imap,x0,p0,tfinal,ntsteps,stype,NextGen,R0_only]=user_inputs 

DIR = 'C:/CSU/SENSAI_output/OHaraRudy2';
JOB = 'OHR-June16';

imap = 0;

x0(1,1) = -87;
x0(2,1) = 0;
x0(3,1) = 7;
x0(4,1) = 7;
x0(5,1) = 145;
x0(6,1) = 145;
x0(7,1) = 0.0001;
x0(8,1) = 1.2;
x0(9,1) = 1.2;
x0(10,1) = 0.0001;
x0(11,1) = 0;
x0(12,1) = 1;
x0(13,1) = 1;
x0(14,1) = 1;
x0(15,1) = 1;
x0(16,1) = 1;
x0(17,1) = 0;
x0(18,1) = 1;
x0(19,1) = 1;
x0(20,1) = 0;
x0(21,1) = 1;
x0(22,1) = 1;
x0(23,1) = 0;
x0(24,1) = 1;
x0(25,1) = 1;
x0(26,1) = 0;
x0(27,1) = 1;
x0(28,1) = 1;
x0(29,1) = 1;
x0(30,1) = 1;
x0(31,1) = 1;
x0(32,1) = 1;
x0(33,1) = 1;
x0(34,1) = 0;
x0(35,1) = 0;
x0(36,1) = 0;
x0(37,1) = 0;
x0(38,1) = 0;
x0(39,1) = 1;
x0(40,1) = 0;
x0(41,1) = 0;

p0(1,1) = 75;
p0(2,1) = 0.0075;
p0(3,1) = 0.02;
p0(4,1) = 0.0001;
p0(5,1) = 0.046;
p0(6,1) = 0.0034;
p0(7,1) = 0.1908;
p0(8,1) = 0.0008;
p0(9,1) = 30;
p0(10,1) = 0.000000000375;
p0(11,1) = 0.003;
p0(12,1) = 0.005;
p0(13,1) = 0.000000025;
p0(14,1) = -80;
p0(15,1) = 1000;

tfinal = 30;
ntsteps = 5;

stype = 2;

NextGen(1,1) = 0;
R0_only = 0;

end